1.523681693170673590e+00,1.235102575526916047e+00,8.766948776785324915e-01,1.316275254137838635e-01,-2.615869701230695288e-01,-3.757092116740130994e+00
1.235102575526916047e+00,1.007510163997772157e+00,7.200617057334578464e-01,1.156729522958479667e-01,-2.048122815997473756e-01,-3.067184833867968141e+00
8.766948776785324915e-01,7.200617057334578464e-01,5.194470340430042965e-01,9.252256675582093415e-02,-1.352360048134821913e-01,-2.179052418591231444e+00
1.316275254137838635e-01,1.156729522958479667e-01,9.252256675582093415e-02,3.801503764552761205e-02,7.489640350613229955e-03,-2.754346954261682745e-01
-2.615869701230695288e-01,-2.048122815997473756e-01,-1.352360048134821913e-01,7.489640350613229955e-03,8.227255028140335880e-02,7.447556220381823522e-01
-3.757092116740130994e+00,-3.067184833867968141e+00,-2.179052418591231444e+00,-2.754346954261682745e-01,7.447556220381823522e-01,9.940779487355877464e+00
